400.438	-8.88817
402.477	48.4228
404.514	-6.49143
406.551	30.4402
408.587	-80.3033
410.624	-19.4924
412.66	16.3783
414.694	42.7138
416.728	9.92636
418.762	13.7098
420.794	34.784
422.828	-31.6741
424.859	-26.1138
426.89	-33.301
428.92	24.0938
430.95	20.5689
432.979	16.4805
435.01	-9.12183
437.038	11.9437
439.065	5.52199
441.091	-7.49843
443.118	-30.3928
445.144	-18.2044
447.169	11.9479
449.194	-0.390635
451.217	-16.91
453.241	-28.4216
455.264	-6.55926
457.285	23.4344
459.308	28.0486
461.328	-17.2418
463.349	23.1413
465.368	-24.0439
467.388	-37.2063
469.406	29.1826
471.424	34.5418
473.441	0.311608
475.459	2.2612
477.475	33.2511
479.491	50.0375
481.505	22.7061
483.52	65.7318
485.534	57.8732
487.547	147.252
489.56	89.8523
491.571	77.5559
493.582	0.414998
495.594	24.0216
497.604	6.65785
499.613	5.19314
501.623	13.6614
503.63	9.20052
505.639	33.5977
507.645	40.1109
509.653	60.5311
511.658	97.7952
513.663	86.3727
515.669	127.41
517.673	328.724
519.677	371.058
521.679	340.764
523.682	263.771
525.684	161.089
527.685	69.4395
529.686	-7.12709
531.686	-10.5949
533.686	-18.6517
535.685	-6.72805
537.683	-19.9868
539.68	-27.1113
541.678	-56.6588
543.675	-21.4176
545.67	-17.5851
547.666	-0.0225972
549.66	-15.7779
551.655	-19.568
553.648	-25.0111
555.641	-32.0412
557.634	-37.739
559.625	-1.77379
561.616	29.3209
563.607	7.67554
565.597	4.31531
567.586	11.2974
569.575	30.6938
571.563	-45.5686
573.551	-18.7134
575.538	-23.6727
577.525	-22.7168
579.511	-17.9436
581.496	3.3653
583.481	19.1883
585.465	12.5934
587.448	70.6315
589.432	83.5573
591.414	50.8481
593.395	46.6189
595.377	133.47
597.357	69.7108
599.337	54.2164
601.317	92.5606
603.296	76.6975
605.274	111.654
607.251	93.571
609.228	165.908
611.205	151.296
613.181	93.3162
615.156	33.524
617.13	73.4675
619.104	85.4821
621.078	51.3166
623.052	47.5122
625.023	-4.28966
626.995	51.8625
628.966	66.6774
630.937	63.1049
632.907	10.6358
634.876	-7.07713
636.845	50.1663
638.813	44.8625
640.781	20.8603
642.748	9.42047
644.714	-20.8163
646.68	21.2172
648.645	-9.5237
650.61	-17.988
652.574	40.9544
654.538	-3.27437
656.501	33.6561
658.463	24.3479
660.425	70.6933
662.387	60.1179
664.346	47.4912
666.307	53.3204
668.266	70.7096
670.226	91.7966
672.183	67.8879
674.141	59.4733
676.099	63.6576
678.055	42.657
680.011	73.1764
681.966	18.5948
683.921	59.0384
685.875	64.7235
687.829	22.1607
689.782	44.3253
691.735	18.2248
693.685	31.6788
695.637	83.6965
697.588	12.6031
699.538	66.8996
701.488	38.7285
703.437	-11.3046
705.385	2.3112
707.332	-44.7172
709.281	-58.2109
711.227	-26.6451
713.172	-47.1512
715.118	-34.8417
717.062	29.7488
719.008	13.9532
720.952	-9.13157
722.894	36.506
724.836	21.3991
726.779	47.5845
728.72	52.1326
730.661	54.3473
732.601	35.9667
734.541	16.498
736.481	-7.82354
738.418	-28.2851
740.357	-0.476504
742.294	29.9927
744.23	13.6986
746.167	27.9617
748.103	46.7239
750.038	36.3793
751.972	8.75712
753.906	54.4625
755.839	42.7312
757.772	-1.30433
759.704	17.4074
761.636	28.6851
763.567	-27.0491
765.497	-18.3484
767.427	-51.8255
769.357	-88.1484
771.285	-101.382
773.213	-52.0947
775.14	-52.6152
777.067	-32.7479
778.994	0.865734
780.92	8.82849
782.844	15.1867
784.769	-10.0111
786.693	0.703002
788.616	-17.479
790.539	48.6427
792.462	71.1724
794.384	23.6276
796.305	105.347
798.226	143.424
800.145	102.688
802.065	108.991
803.985	112.611
805.902	113.437
807.82	115.214
809.738	180.76
811.654	187.047
813.569	167.348
815.486	192.742
817.401	124.132
819.315	122.609
821.229	94.3016
823.142	89.55
825.055	72.5599
826.967	54.0679
828.877	28.0209
830.788	21.1301
832.699	57.1439
834.608	-9.98058
836.518	14.5861
838.426	27.3946
840.334	-18.4706
842.241	-11.9066
844.149	33.0593
846.055	42.6912
847.961	34.536
849.866	34.975
851.77	30.3961
853.674	-46.2371
855.578	-8.64679
857.481	-9.73762
859.383	-39.6816
861.285	-86.8481
863.185	-46.5345
865.086	-67.246
866.987	-76.1621
868.886	-56.7198
870.784	-19.462
872.683	4.71577
874.581	-32.664
876.477	-24.1052
878.375	-42.5268
880.271	-26.9427
882.166	-9.5804
884.061	-8.12136
885.955	-1.19387
887.849	21.0383
889.743	4.1732
891.634	5.96524
893.527	27.6073
895.419	51.6612
897.309	3.81866
899.2	0.0659085
901.089	49.0957
902.979	32.2474
904.867	47.3486
906.755	-21.2137
908.642	31.7671
910.53	9.40916
912.417	17.9134
914.302	27.9665
916.188	25.7373
918.071	27.7203
919.956	8.93354
921.839	8.59485
923.723	43.502
925.604	36.5392
927.487	24.5427
929.367	110.064
931.249	82.9545
933.129	58.305
935.009	53.9244
936.888	140.637
938.766	129.417
940.644	140.946
942.521	140.149
944.398	155.251
946.274	164.299
948.15	139.129
950.025	194.865
951.899	178.995
953.773	125.57
955.647	141.946
957.519	163.208
959.392	111.831
961.263	118.929
963.134	157.033
965.006	150.713
966.875	104.15
968.745	85.8489
970.613	107.162
972.482	127.418
974.35	89.6124
976.217	97.4791
978.083	92.88
979.949	134.68
981.815	69.584
983.679	18.645
985.544	99.3388
987.407	109.046
989.271	128.739
991.134	173.393
992.995	140.143
994.858	162.082
996.719	199.005
998.579	282.261
1000.44	223.61
1002.3	189.559
1004.16	159.931
1006.01	123.616
1007.87	103.524
1009.73	50.6956
1011.59	40.0767
1013.44	87.6771
1015.3	68.6229
1017.15	52.757
1019.01	62.9927
1020.86	117.315
1022.71	35.5159
1024.57	55.9086
1026.42	76.4736
1028.27	18.9541
1030.12	77.9984
1031.97	37.5796
1033.82	19.0548
1035.67	25.3846
1037.52	-6.89401
1039.37	-5.17681
1041.21	17.5919
1043.06	12.1238
1044.91	8.71062
1046.75	2.27903
1048.6	31.1002
1050.45	58.7551
1052.29	-41.0362
1054.13	-21.9814
1055.98	-43.5861
1057.82	-64.4227
1059.66	-19.9205
1061.5	-57.2228
1063.34	-24.0853
1065.18	37.1319
1067.02	-0.303589
1068.86	36.6015
1070.7	54.3226
1072.54	36.9013
1074.38	105.822
1076.21	79.7509
1078.05	124.216
1079.89	154.145
1081.72	132.457
1083.56	135.16
1085.39	134.023
1087.22	137.908
1089.06	171.836
1090.89	170.544
1092.72	140.119
1094.55	78.6613
1096.38	121.207
1098.21	98.7287
1100.04	180.547
1101.87	209.117
1103.7	222.399
1105.53	221.095
1107.36	238.553
1109.18	299.278
1111.01	280.606
1112.84	276.177
1114.66	242.407
1116.49	288.154
1118.31	304.391
1120.14	348.941
1121.96	310.427
1123.78	340.716
1125.6	309.239
1127.43	307.915
1129.25	313.354
1131.07	273.621
1132.89	284.514
1134.71	363.166
1136.52	315.277
1138.34	353.408
1140.16	309.132
1141.98	281.102
1143.8	322.945
1145.61	322.443
1147.43	290.815
1149.24	347.882
1151.06	325.246
1152.87	328.608
1154.68	345.88
1156.5	357.126
1158.31	438.629
1160.12	408.381
1161.93	445.556
1163.74	423.145
1165.55	450.912
1167.36	451.826
1169.17	467.747
1170.98	499.748
1172.79	482.235
1174.59	497.12
1176.4	516.553
1178.21	500.63
1180.01	488.146
1181.82	444.009
1183.62	435.045
1185.42	377.063
1187.23	355.035
1189.03	369.981
1190.83	307.346
1192.63	273.594
1194.44	279.975
1196.24	325.72
1198.04	250.611
1199.84	317.99
1201.64	265.333
1203.43	286.52
1205.23	326.897
1207.03	359.974
1208.83	393.742
1210.62	390.579
1212.42	401.344
1214.21	387.529
1216.01	535.512
1217.8	495.195
1219.6	481.24
1221.39	441.524
1223.18	481.868
1224.97	491.028
1226.77	472.047
1228.56	440.368
1230.35	440.998
1232.14	497.473
1233.93	426.895
1235.71	389.007
1237.5	416.175
1239.29	445.32
1241.08	357.745
1242.86	391.658
1244.65	316.982
1246.44	333.189
1248.22	313.815
1250	273.257
1251.79	298.527
1253.57	308.118
1255.35	370.679
1257.14	370.335
1258.92	409.595
1260.7	384.42
1262.48	447.641
1264.26	401.884
1266.04	424.574
1267.82	410.327
1269.6	353.358
1271.37	350.331
1273.15	340.655
1274.93	322.987
1276.71	433.247
1278.48	444.394
1280.26	369.535
1282.03	376.514
1283.8	446.444
1285.58	419.682
1287.35	364.701
1289.12	417.909
1290.9	401.996
1292.67	389.847
1294.44	365.432
1296.21	361.445
1297.98	365.854
1299.75	350.139
1301.52	276.359
1303.28	277.285
1305.05	312.089
1306.82	308.552
1308.59	265.894
1310.35	247.444
1312.12	272.699
1313.88	275.75
1315.65	220.102
1317.41	273.034
1319.17	237.792
1320.94	156.033
1322.7	176.679
1324.46	119.387
1326.22	171.322
1327.98	148.101
1329.74	127.589
1331.5	155.269
1333.26	161.56
1335.02	165.859
1336.78	125.024
1338.53	128.787
1340.29	211.166
1342.05	176.814
1343.8	135.509
1345.56	170.75
1347.31	164.144
1349.07	137.944
1350.82	157.398
1352.57	177.175
1354.33	172.907
1356.08	201.528
1357.83	91.2148
1359.58	122.101
1361.33	123.771
1363.08	32.4377
1364.83	34.9203
1366.58	-1.05687
1368.33	10.6325
1370.08	46.6771
1371.82	-6.73939
1373.57	-26.427
1375.32	-7.41933
1377.06	23.2633
1378.81	15.6627
1380.55	-47.9648
1382.3	-10.7277
1384.04	-53.3472
1385.78	-71.5223
1387.53	-14.2234
1389.27	-9.37819
1391.01	16.1912
1392.75	86.5744
1394.49	102.313
1396.23	126.972
1397.97	203.935
1399.71	126.291
1401.44	179.284
1403.18	165.824
1404.92	217.234
1406.66	169.849
1408.39	218.298
1410.13	228.377
1411.86	179.421
1413.6	146.643
1415.33	185.892
1417.06	175.34
1418.8	228.626
1420.53	195.434
1422.26	254.027
1423.99	194.731
1425.72	268.87
1427.45	237.887
1429.18	268.184
1430.91	203.76
1432.64	212.972
1434.37	169.182
1436.1	113.394
1437.82	174.1
1439.55	169.172
1441.28	75.4784
1443	103.301
1444.73	92.3841
1446.45	95.6148
1448.18	157.925
1449.9	113.68
1451.62	229.145
1453.35	205.684
1455.07	206.746
1456.79	201.048
1458.51	218.975
1460.23	174.652
1461.95	234.246
1463.67	223.873
1465.39	262.606
1467.1	236.008
1468.82	266.041
1470.54	322.392
1472.26	275.241
1473.97	237.114
1475.69	249.228
1477.4	286.306
1479.12	259.385
1480.83	312.068
1482.54	336.676
1484.26	406.568
1485.97	474.778
1487.68	486.385
1489.39	617.039
1491.1	685.061
1492.81	685.132
1494.52	781.243
1496.23	865.049
1497.94	914.846
1499.65	959.355
1501.36	1145.62
1503.06	1109.49
1504.77	1262.86
1506.48	1164.35
1508.18	1307.31
1509.89	1311.15
1511.59	1289.9
1513.29	1390.25
1515	1397.36
1516.7	1342.99
1518.4	1354.39
1520.11	1399.23
1521.81	1436.37
1523.51	1443.3
1525.21	1332.65
1526.91	1333.95
1528.61	1282.17
1530.31	1304.64
1532	1242.7
1533.7	1215.96
1535.4	1154.15
1537.1	1212.66
1538.79	1131.81
1540.49	1134.03
1542.18	1119.75
1543.88	1148.32
1545.57	1179.91
1547.26	1111.76
1548.96	1119.01
1550.65	1085.17
1552.34	1024.71
1554.03	1018.81
1555.72	1004.07
1557.41	1045.15
1559.1	981.193
1560.79	1048.67
1562.48	1058.12
1564.17	1032.21
1565.86	1026.25
1567.55	1033.49
1569.23	989.111
1570.92	1062.84
1572.6	1057.62
1574.29	1048.72
1575.97	1083.48
1577.66	1114.7
1579.34	1127.96
1581.03	1156.99
1582.71	1059.63
1584.39	1058.67
1586.07	1052.47
1587.75	1056.27
1589.43	895.283
1591.11	991.632
1592.79	1027.89
1594.47	959.221
1596.15	945.009
1597.83	994.904
1599.5	977.896
1601.18	1074.78
1602.86	1080.34
1604.53	1067.57
1606.21	996.972
1607.89	1094.48
1609.56	1037.88
1611.23	1040.51
1612.91	1066.64
1614.58	964.682
1616.25	1001.39
1617.92	993.876
1619.59	913.999
1621.26	846.324
1622.94	841.515
1624.61	791.657
1626.27	830.858
1627.94	749.987
1629.61	671.631
1631.28	646.052
1632.95	569.669
1634.61	485.683
1636.28	435.27
1637.94	431.844
1639.61	347.631
1641.27	261.147
1642.94	283.712
1644.6	238.338
1646.26	187.416
1647.93	189.549
1649.59	116.399
1651.25	111.456
1652.91	65.162
1654.57	89.6924
1656.23	60.4774
1657.89	76.5944
1659.55	120.212
1661.21	99.9
1662.87	57.0973
1664.52	27.4573
1666.18	35.3259
1667.84	51.3597
1669.49	56.7312
1671.15	71.392
1672.8	14.5802
1674.46	42.7619
1676.11	-53.8753
1677.76	20.1295
1679.42	33.263
1681.07	4.27629
1682.72	3.64812
1684.37	27.5259
1686.02	30.5523
1687.67	19.1587
1689.32	-2.03391
1690.97	-34.8685
1692.62	-29.3179
1694.27	37.3015
1695.92	-14.6323
1697.56	2.22478
1699.21	-3.36928
1700.86	-4.16287
1702.5	-15.232
1704.15	24.4415
1705.79	17.0514
1707.43	48.9014
1709.08	1.56755
1710.72	-18.8859
1712.36	32.526
1714.01	-25.9195
1715.65	-46.8998
1717.29	-9.87358
1718.93	-6.48752
1720.57	-7.81613
1722.21	-26.062
1723.85	-95.6621
1725.49	3.03544
1727.12	-0.687027
1728.76	42.9948
1730.4	-0.41127
1732.04	-25.131
1733.67	-0.762808
1735.31	17.003
1736.94	-42.0916
1738.58	-13.4855
1740.21	-8.05917
1741.84	-34.9603
1743.48	-3.8492
1745.11	17.8954
1746.74	43.1284
1748.37	16.6744
1750	18.5972
1751.63	56.2193
1753.26	26.7707
1754.89	98.0794
1756.52	93.1063
1758.15	67.7596
1759.78	125.347
1761.41	164.297
1763.03	119.096
1764.66	159.671
1766.28	115.59
1767.91	132.698
1769.54	161.666
1771.16	182.316
1772.78	122.641
1774.41	133.591
1776.03	103.307
1777.65	82.7943
1779.27	63.9509
1780.89	73.1198
1782.52	98.4499
1784.14	62.8044
1785.76	33.2416
1787.38	40.5166
1788.99	5.84428
1790.61	16.1867
1792.23	29.0468
1793.85	-24.2038
1795.46	-5.29666
1797.08	-0.1437
1798.7	5.62772
